-367,   1975,   -1276,   -2649,   -1698,   -1702,   -239,   -343,   -617,   -346,   -16,   -887,   -1408,   -873,   -604,   -906,   498,   557,   -392,   245,   336,   -15,   -299,   181,   
-716,   1430,   -1545,   -3214,   -1137,   -1333,   -661,   -451,   -612,   -364,   -263,   -986,   -1245,   -1265,   -119,   -700,   669,   508,   -244,   401,   317,   -494,   -646,   450,   
-1402,   1071,   -1581,   -3443,   -1042,   -1212,   -777,   -460,   -382,   -626,   -656,   -831,   -1350,   -1744,   86,   -751,   -119,   293,   88,   298,   -312,   -1014,   -529,   291,   
-1805,   500,   -1250,   -3429,   -1311,   -1334,   -449,   -174,   -552,   -1024,   -700,   -624,   -591,   -1657,   485,   -74,   -608,   396,   671,   688,   -376,   -918,   -197,   416,   
-1848,   -176,   -1294,   -3669,   -1790,   -1261,   -212,   -34,   -1115,   -1537,   -591,   -631,   -115,   -1791,   180,   832,   -557,   538,   869,   649,   -114,   -266,   -103,   227,   
-1380,   -433,   -960,   -3213,   -1675,   -714,   64,   369,   -810,   -1286,   -591,   -461,   -401,   -1549,   -654,   1583,   -133,   592,   701,   349,   395,   427,   -368,   20,   
-1788,   -1150,   -1455,   -2303,   -1696,   -715,   271,   242,   -424,   -894,   -866,   -571,   -597,   -1165,   -1138,   1685,   288,   613,   541,   -176,   698,   827,   -561,   -64,   
-2437,   -1337,   -2151,   -1737,   -1558,   -719,   362,   212,   -305,   -705,   -1115,   -623,   -532,   -858,   -1183,   804,   327,   512,   398,   -720,   349,   491,   -370,   -36,   
-2216,   -1472,   -2406,   -1879,   -1416,   -339,   451,   -220,   -320,   -587,   -1171,   -647,   294,   -89,   -361,   -141,   541,   610,   271,   -611,   69,   77,   102,   426,   
-1964,   -1560,   -2260,   -2219,   -1324,   -133,   571,   -481,   -338,   -703,   -994,   -477,   1043,   112,   418,   -436,   641,   648,   -6,   -337,   111,   -120,   356,   935,   
-1583,   -1173,   -1943,   -2274,   -1001,   -93,   574,   -329,   -303,   -779,   -773,   -4,   963,   -218,   371,   -275,   356,   337,   -420,   -225,   169,   -250,   191,   871,   
-1189,   -1318,   -1755,   -2194,   -804,   131,   291,   -240,   -147,   -789,   -779,   458,   1032,   -629,   41,   149,   117,   452,   -787,   -295,   366,   -121,   42,   596,   
-1158,   -1921,   -2101,   -2305,   -1142,   35,   -39,   -678,   -161,   -919,   -992,   192,   1000,   -1079,   -157,   160,   54,   529,   -823,   -574,   458,   96,   -155,   315,   
-628,   -2130,   -2119,   -1980,   -1078,   482,   -304,   -750,   141,   -815,   -821,   319,   871,   -853,   -78,   117,   226,   519,   -458,   -682,   596,   170,   -175,   292,   
-363,   -2386,   -1997,   -2141,   -782,   526,   -363,   -936,   241,   -622,   -985,   539,   967,   -330,   141,   21,   403,   699,   -178,   -428,   538,   227,   -198,   436,   
-280,   -2366,   -1924,   -2100,   -645,   665,   -234,   -1134,   546,   -682,   -1045,   723,   690,   265,   41,   -294,   293,   528,   144,   -315,   7,   275,   -478,   231,   
119,   -2299,   -1987,   -2213,   -753,   992,   -341,   -1128,   444,   -645,   -1177,   644,   418,   642,   -7,   -65,   -78,   432,   535,   -205,   -476,   308,   -326,   -66,   
166,   -1775,   -2062,   -2385,   -653,   1041,   -99,   -1127,   51,   -391,   -1443,   613,   508,   809,   126,   264,   -344,   288,   869,   -133,   -758,   538,   -228,   -190,   
41,   -1718,   -1939,   -2097,   -895,   987,   372,   -1247,   -226,   -305,   -1275,   495,   979,   617,   576,   481,   -629,   56,   867,   44,   -546,   445,   -1,   -339,   
522,   -1442,   -1758,   -1761,   -1091,   1100,   713,   -1275,   -256,   -44,   -1339,   512,   1374,   400,   1046,   480,   -754,   -46,   348,   300,   -62,   276,   150,   -544,   
1410,   -1540,   -1275,   -1803,   -1478,   1047,   554,   -987,   -222,   -151,   -1231,   186,   1264,   566,   970,   260,   -587,   -120,   21,   375,   385,   203,   8,   -583,   
1543,   -1263,   -825,   -1811,   -1493,   942,   332,   -807,   -45,   -53,   -1240,   -49,   438,   524,   740,   202,   -292,   -422,   188,   300,   575,   314,   87,   -780,   
1427,   -958,   -950,   -1682,   -1575,   886,   594,   -918,   246,   5,   -1312,   -100,   -132,   557,   336,   329,   38,   -323,   519,   188,   373,   613,   165,   -651,   
1171,   -947,   -810,   -1518,   -1481,   547,   975,   -859,   373,   349,   -1167,   -516,   -78,   314,   26,   598,   326,   -121,   741,   247,   -115,   557,   500,   -564,   
1398,   -862,   -778,   -1456,   -1426,   759,   1012,   -679,   129,   568,   -1019,   -557,   -69,   238,   21,   1284,   334,   392,   -39,   374,   -478,   271,   854,   -9,   
1440,   -839,   -872,   -1027,   -1078,   824,   1235,   -556,   -160,   502,   -636,   -667,   -404,   992,   -437,   1494,   133,   822,   -978,   140,   -410,   323,   743,   422,   
1188,   -654,   -887,   -1,   -1275,   1336,   405,   -508,   -205,   335,   -296,   -39,   -1818,   1466,   -879,   1647,   -46,   498,   -954,   -341,   -252,   775,   325,   321,   
670,   438,   -1412,   -4,   -1356,   1492,   -189,   -734,   -75,   951,   -413,   -142,   -3072,   1060,   -1252,   1598,   -140,   434,   -344,   -652,   -362,   402,   -279,   111,   
-944,   699,   -1827,   504,   -1356,   1173,   292,   -1102,   -292,   1507,   -642,   -337,   -3165,   702,   -1103,   1192,   87,   249,   480,   -651,   -729,   83,   -156,   -266,   
-2103,   75,   -2281,   1118,   -1248,   1557,   775,   -1238,   -660,   520,   -882,   -351,   -2517,   236,   -350,   1486,   389,   -302,   157,   -170,   -211,   -244,   500,   -402,   
-2173,   581,   -2107,   1226,   -1198,   1677,   643,   -1233,   -1007,   675,   -296,   -334,   -1187,   693,   87,   989,   409,   -516,   -620,   537,   463,   -366,   701,   -456,   
-2492,   852,   -1797,   1865,   -851,   787,   -129,   -924,   -35,   1000,   165,   -747,   -261,   1193,   295,   426,   221,   -537,   -1081,   867,   529,   61,   865,   -118,   
-2531,   1351,   -1938,   1615,   -941,   784,   -186,   -453,   91,   718,   -113,   -824,   273,   930,   121,   -28,   64,   -162,   -1074,   1316,   96,   -388,   360,   442,   
-2316,   1480,   -1923,   1563,   -1044,   1197,   -433,   -327,   -415,   590,   325,   -284,   653,   300,   389,   -429,   -216,   281,   -637,   1354,   -914,   -160,   -67,   568,   
-1851,   1663,   -1862,   1334,   -1005,   1228,   -817,   443,   -673,   297,   165,   98,   724,   -571,   739,   -599,   310,   205,   -702,   976,   -1135,   528,   7,   304,   