960,   -2268,   -1771,   -868,   643,   13,   443,   -1056,   -570,   48,   -565,   -73,   -47,   -1868,   -599,   693,   944,   -454,   114,   -462,   289,   542,   -86,   328,   
610,   -3186,   -1726,   -473,   867,   30,   300,   -1230,   -306,   218,   -622,   152,   -1010,   -1633,   -221,   1104,   807,   -483,   -453,   -5,   395,   532,   -128,   283,   
416,   -3580,   -1808,   -2,   1106,   -269,   208,   -1169,   25,   300,   -681,   298,   -475,   -978,   -206,   1250,   431,   -564,   -532,   506,   127,   500,   181,   -251,   
248,   -3500,   -1948,   293,   1307,   -433,   -62,   -778,   -199,   499,   -535,   61,   121,   -369,   -142,   1030,   -41,   -683,   -344,   714,   -129,   278,   348,   -745,   
428,   -3579,   -1969,   625,   1070,   -602,   -174,   -522,   -432,   658,   -336,   -404,   822,   -313,   38,   725,   -444,   -393,   -45,   576,   -81,   108,   282,   -671,   
786,   -3740,   -1859,   759,   823,   -828,   -25,   -482,   -271,   457,   -272,   -615,   1035,   9,   -194,   432,   -502,   -157,   314,   329,   237,   -16,   145,   -307,   
1381,   -3930,   -1795,   853,   681,   -661,   122,   -453,   -61,   483,   -389,   -371,   780,   834,   -481,   105,   -219,   -10,   435,   81,   336,   -226,   64,   164,   
1324,   -3311,   -2326,   828,   748,   -639,   262,   -319,   -28,   562,   -290,   -417,   564,   1594,   -674,   -365,   103,   55,   429,   97,   -22,   -228,   130,   417,   
1329,   -2542,   -2457,   748,   778,   -712,   335,   -481,   -49,   266,   -230,   -256,   399,   2247,   -784,   -727,   279,   -20,   210,   357,   -340,   -366,   242,   379,   
1659,   -2043,   -2540,   263,   929,   -720,   512,   -322,   -310,   223,   -156,   -47,   450,   2257,   -360,   -1003,   122,   61,   15,   646,   -108,   -420,   91,   293,   
1813,   -1193,   -2865,   45,   1010,   -651,   313,   85,   -430,   103,   -93,   13,   237,   2040,   172,   -1152,   -510,   320,   12,   948,   332,   -380,   -39,   32,   
1757,   -599,   -2663,   -325,   816,   -577,   296,   367,   0,   13,   -222,   -111,   -405,   1700,   610,   -481,   -905,   182,   -28,   946,   600,   -428,   -127,   112,   
1636,   -203,   -2137,   -687,   69,   -303,   461,   597,   294,   -199,   -256,   -175,   -1169,   1044,   663,   580,   -478,   105,   -315,   715,   290,   -660,   -296,   474,   
1140,   13,   -1988,   -93,   42,   -620,   395,   841,   228,   -268,   -266,   216,   -2607,   57,   100,   1572,   420,   63,   -769,   277,   -289,   -1001,   -335,   515,   
367,   67,   -2207,   799,   679,   -472,   -209,   921,   -108,   -747,   -515,   561,   -3157,   -354,   -28,   1285,   951,   -223,   -1044,   301,   -317,   -907,   263,   248,   
-1519,   -648,   -2477,   1290,   1141,   -397,   -523,   621,   -233,   -1215,   -595,   294,   -2373,   -353,   436,   393,   333,   -401,   -726,   379,   -202,   -972,   634,   78,   
-1770,   -404,   -1935,   549,   946,   -750,   -647,   1159,   49,   -1087,   304,   159,   -570,   -1391,   -55,   -174,   -350,   -356,   675,   422,   418,   -411,   209,   -365,   
-1351,   -282,   -1470,   622,   408,   -1083,   -475,   1291,   -154,   -1557,   276,   535,   1041,   -2565,   -831,   -414,   -584,   -555,   1540,   504,   424,   70,   -336,   -131,   
-573,   -2203,   -2794,   872,   520,   -663,   780,   1220,   480,   -1193,   -636,   -108,   1006,   -3590,   -1286,   -411,   -646,   -17,   1691,   -489,   154,   220,   -1024,   351,   
-556,   -3596,   -3295,   507,   477,   -1274,   1074,   1347,   188,   -1057,   -630,   230,   276,   -3083,   -770,   -1285,   -839,   847,   1061,   -1307,   118,   552,   -769,   442,   
-658,   -4132,   -2952,   -10,   -58,   -680,   1115,   397,   110,   -1007,   -779,   839,   -759,   -946,   351,   -1645,   -953,   1075,   84,   -1512,   -259,   285,   -382,   593,   
-894,   -3942,   -2546,   -865,   -562,   196,   950,   -259,   209,   -822,   -806,   725,   -1585,   1091,   511,   -1252,   -376,   1256,   -273,   -1052,   -34,   258,   -557,   220,   
-1543,   -3449,   -2641,   -910,   -390,   215,   969,   -246,   80,   -883,   -1122,   534,   -1684,   2706,   1140,   -87,   798,   555,   -686,   -145,   -64,   257,   -521,   -382,   
-2492,   -2301,   -2684,   -922,   78,   163,   737,   90,   151,   -732,   -1294,   713,   -485,   3468,   1709,   996,   1445,   -389,   -1337,   -191,   -183,   519,   -180,   -590,   
-2386,   -893,   -1173,   -112,   819,   169,   192,   5,   43,   -666,   -1317,   271,   1614,   3040,   1192,   1201,   1643,   -633,   -1687,   -471,   -290,   551,   179,   -683,   
-1200,   -17,   -716,   230,   1002,   -365,   -668,   -671,   -47,   -152,   -979,   -29,   2973,   1417,   92,   788,   1340,   -687,   -1295,   -217,   -447,   236,   300,   -853,   
233,   -30,   -1837,   316,   1613,   -471,   -859,   -572,   -256,   -346,   -1011,   -120,   2758,   -616,   -1167,   -194,   533,   -477,   -698,   207,   -405,   218,   283,   -765,   
659,   -606,   -2213,   46,   1691,   -548,   -680,   52,   -371,   -538,   -996,   -371,   1777,   -2009,   -1074,   -954,   -78,   76,   -428,   415,   -101,   77,   103,   -438,   
822,   -1523,   -2176,   -311,   1274,   -456,   -849,   -46,   -403,   -146,   -884,   -706,   672,   -2536,   -82,   -1365,   -804,   430,   -602,   -171,   243,   170,   84,   -36,   
1172,   -2284,   -2158,   -888,   1054,   -258,   -1315,   -311,   -125,   -136,   -888,   -394,   -176,   -2240,   -48,   -1118,   -1145,   596,   -632,   -943,   244,   51,   94,   241,   
985,   -2995,   -1988,   -1265,   725,   29,   -1445,   -648,   -14,   -292,   -939,   -163,   -922,   -1343,   -346,   -357,   -977,   552,   -156,   -931,   78,   -128,   292,   259,   
313,   -3231,   -2379,   -1155,   247,   104,   -1331,   -1062,   -199,   -388,   -827,   -281,   -1504,   -481,   -445,   406,   -600,   522,   308,   -553,   -154,   89,   579,   -85,   
-132,   -3065,   -2585,   -713,   211,   192,   -1075,   -1067,   -248,   -213,   -476,   -374,   -1325,   114,   -683,   663,   -219,   241,   296,   -279,   -162,   178,   646,   -358,   
-526,   -2971,   -2527,   -555,   410,   444,   -1038,   -932,   -239,   -42,   -251,   -417,   -1061,   609,   -730,   731,   192,   -67,   273,   -162,   -23,   191,   331,   -146,   
-583,   -2954,   -2939,   -570,   315,   221,   -1147,   -1132,   -237,   -198,   -258,   -632,   -1004,   778,   -709,   629,   232,   -258,   290,   -243,   79,   146,   -55,   192,   
-1054,   -2372,   -3297,   -130,   484,   -11,   -885,   -1273,   -239,   -108,   -439,   -371,   -362,   494,   -447,   404,   84,   -288,   323,   -203,   258,   -12,   -63,   343,   
-1375,   -2197,   -3264,   18,   522,   32,   -716,   -1261,   -129,   40,   -465,   -109,   247,   0,   -8,   -39,   148,   -189,   176,   43,   291,   -222,   106,   227,   
-673,   -2608,   -3036,   -243,   433,   106,   -769,   -1172,   94,   -180,   -243,   -164,   760,   -484,   87,   -685,   160,   -241,   -81,   194,   198,   -392,   164,   -171,   
-403,   -2835,   -3082,   -573,   563,   -121,   -940,   -1118,   33,   -495,   -197,   -394,   798,   -346,   -39,   -889,   214,   -392,   -88,   131,   33,   -409,   -36,   -327,   
-399,   -2779,   -3257,   -863,   704,   -297,   -895,   -1053,   -22,   -429,   -327,   -486,   398,   155,   -174,   -701,   334,   -454,   129,   56,   -145,   -182,   -282,   -91,   
-314,   -2631,   -3212,   -1006,   708,   -355,   -785,   -1124,   -21,   -450,   -478,   -439,   297,   308,   -25,   -525,   232,   -316,   265,   98,   -205,   -33,   -291,   358,   
-120,   -2477,   -3232,   -1078,   862,   -459,   -652,   -1085,   -97,   -476,   -526,   -278,   327,   227,   305,   -601,   161,   37,   132,   215,   -233,   -62,   -212,   715,   
-97,   -2524,   -3133,   -1254,   832,   -515,   -663,   -955,   -238,   -522,   -534,   40,   195,   82,   476,   -697,   -2,   413,   121,   301,   -256,   18,   -79,   813,   
-17,   -2492,   -2839,   -1641,   884,   -161,   -757,   -814,   -263,   -486,   -618,   347,   37,   306,   479,   -645,   -236,   687,   360,   150,   -165,   24,   144,   744,   
-73,   -2500,   -2694,   -1771,   693,   116,   -550,   -807,   -323,   -418,   -551,   468,   -27,   424,   151,   -741,   -449,   464,   568,   -291,   -123,   -253,   275,   395,   
-76,   -2029,   -2733,   -1788,   577,   256,   -168,   -933,   -303,   -491,   -301,   624,   -146,   638,   -311,   -740,   -439,   67,   497,   -553,   -58,   -310,   243,   -16,   
-109,   -2119,   -2959,   -2292,   311,   -27,   -105,   -1332,   -403,   -900,   -280,   494,   -46,   974,   -360,   -641,   -109,   5,   341,   -472,   153,   -8,   33,   -258,   
-218,   -1725,   -3174,   -2491,   416,   12,   -233,   -1381,   -310,   -711,   -388,   310,   156,   1051,   -225,   -469,   18,   -61,   182,   -253,   177,   372,   -333,   -390,   
-72,   -1191,   -3014,   -2381,   610,   246,   -5,   -1291,   -90,   -321,   -457,   238,   489,   1439,   -73,   -128,   75,   -184,   251,   294,   -145,   662,   -327,   -344,   
140,   -916,   -3043,   -2447,   455,   28,   56,   -1333,   -193,   -222,   -713,   167,   655,   1421,   290,   -138,   -372,   -401,   452,   417,   -384,   389,   -81,   -327,   